512 412 312 21 21 32 432 523 223 212 512 412 312 21 21 32 432 523 223 212 
312 93 22 24 231 232 13 24 22 31 312 93 22 24 231 232 13 24 22 31 
11 312 43 54 22 41 12 23 311 12 11 312 43 54 22 41 12 23 311 12
12 41 61 72 13 22 41 112 21 132 12 41 61 72 13 22 41 112 21 132
81 92 22 12 123 243 412 13 22 125 81 92 22 12 123 243 412 13 22 125
188 37 56 85 14 0 132 912 312 112 188 37 56 85 14 0 132 912 312 112
112 22 41 5 11 24 61 211 92 81 112 22 41 5 11 24 61 211 92 81
112 31 512 81 21 51 12 51 61 11 112 22 41 5 11 24 61 211 92 81
13 81 22 71 32 41 01 31 92 21 13 81 22 71 32 41 01 31 92 21 
22 31 51 112 14 122 44 61 32 21 22 31 51 112 14 122 44 61 32 21
512 412 312 21 21 32 432 523 223 212 512 412 312 21 21 32 432 523 223 212 
312 93 22 24 231 232 13 24 22 31 312 93 22 24 231 232 13 24 22 31
11 312 43 54 22 41 12 23 311 12 11 312 43 54 22 41 12 23 311 12
12 41 61 72 13 22 41 112 21 132 12 41 61 72 13 22 41 112 21 132
81 92 22 12 123 243 412 13 22 125 12 41 61 72 13 22 41 112 21 132
188 37 56 85 14 0 132 912 312 112 12 41 61 72 13 22 41 112 21 132
112 22 41 5 11 24 61 211 92 81 112 22 41 5 11 24 61 211 92 81
112 31 512 81 21 51 12 51 61 11 112 22 41 5 11 24 61 211 92 81
13 81 22 71 32 41 01 31 92 21 13 81 22 71 32 41 01 31 92 21 
22 31 51 112 14 122 44 61 32 21 13 81 22 71 32 41 01 31 92 21 
512 412 312 21 21 32 432 523 223 212 512 412 312 21 21 32 432 523 223 212 
312 93 22 24 231 232 13 24 22 31 312 93 22 24 231 232 13 24 22 31 
11 312 43 54 22 41 12 23 311 12 11 312 43 54 22 41 12 23 311 12
12 41 61 72 13 22 41 112 21 132 12 41 61 72 13 22 41 112 21 132
81 92 22 12 123 243 412 13 22 125 81 92 22 12 123 243 412 13 22 125
188 37 56 85 14 0 132 912 312 112 188 37 56 85 14 0 132 912 312 112
112 22 41 5 11 24 61 211 92 81 112 22 41 5 11 24 61 211 92 81
112 31 512 81 21 51 12 51 61 11 112 22 41 5 11 24 61 211 92 81
13 81 22 71 32 41 01 31 92 21 13 81 22 71 32 41 01 31 92 21 
22 31 51 112 14 122 44 61 32 21 22 31 51 112 14 122 44 61 32 21
512 412 312 21 21 32 432 523 223 212 512 412 312 21 21 32 432 523 223 212 
312 93 22 24 231 232 13 24 22 31 312 93 22 24 231 232 13 24 22 31
11 312 43 54 22 41 12 23 311 12 11 312 43 54 22 41 12 23 311 12
12 41 61 72 13 22 41 112 21 132 12 41 61 72 13 22 41 112 21 132
81 92 22 12 123 243 412 13 22 125 12 41 61 72 13 22 41 112 21 132
188 37 56 85 14 0 132 912 312 112 12 41 61 72 13 22 41 112 21 132
112 22 41 5 11 24 61 211 92 81 112 22 41 5 11 24 61 211 92 81
112 31 512 81 21 51 12 51 61 11 112 22 41 5 11 24 61 211 92 81
13 81 22 71 32 41 01 31 92 21 13 81 22 71 32 41 01 31 92 21 
22 31 51 112 14 122 44 61 32 21 13 81 22 71 32 41 01 31 92 21 